18 - Atmosphere/MetodoDinamico_TS/Saida/interpolacao_P1.vrt
NCOLS 107
NROWS 165
XLLCORNER 30.212154
YLLCORNER -26.866438
DX 0.099331514
DY 0.09935903
NODATA_VALUE -9999
[rows 130 to 155 of 165, columns 0 to 59 of 107]
433.17262 432.34576 431.5045 430.65033 429.78492 428.91018 428.02825 427.14147 426.25239 425.36373 424.47843 423.59955 422.73035 421.87423 421.03476 420.21577 419.42137 418.65612 417.92519 417.23461 416.59157 416.00476 415.48482 415.04468 414.69999 414.46939 414.37459 414.4403 414.69374 415.16379 415.87976 416.86959 418.15779 419.7629 421.69487 423.95239 426.52039 429.36817 432.44823 435.69636 439.03318 442.36751 445.60167 448.63865 451.39053 453.78733 455.78477 457.36943 458.56008 459.40451 459.9725 460.34611 460.60947 460.8398 461.10093 461.43997 461.88673 462.45523 463.14655 463.95208
430.21472 429.27975 428.32745 427.35941 426.37747 425.38371 424.38045 423.37025 422.35588 421.34032 420.32671 419.31836 418.31867 417.33119 416.35954 415.40751 414.47909 413.57861 412.71091 411.88165 411.09764 410.36729 409.70114 409.11244 408.61768 408.23711 407.99505 407.91992 408.044 408.40257 409.03261 409.9709 411.2515 412.90286 414.94442 417.38321 420.21047 423.39871 426.89967 430.64343 434.53943 438.47962 442.3443 446.01051 449.36266 452.30405 454.76766 456.72389 458.18347 459.19466 459.83504 460.19992 460.38963 460.49829 460.60563 460.7726 461.0403 461.43147 461.95357 462.60239
427.29247 426.25165 425.19071 424.11137 423.01562 421.90575 420.7843 419.65406 418.51808 417.3796 416.24203 415.10891 413.98385 412.87052 411.77259 410.69376 409.63778 408.6086 407.61051 406.64847 405.72851 404.85826 404.04761 403.30947 402.66054 402.12207 401.72046 401.48758 401.46064 401.68159 402.19574 403.0497 404.28861 405.95259 408.07278 410.66692 413.73496 417.25495 421.17972 425.4349 429.91898 434.50611 439.0523 443.40526 447.41746 450.96112 453.94253 456.3131 458.07415 459.27443 460.00048 460.36254 460.47898 460.46244 460.40984 460.39682 460.47634 460.68024 461.02255 461.50362
424.41217 423.26796 422.10096 420.91304 419.70638 418.48347 417.24711 416.00037 414.74659 413.48932 412.2323 410.97933 409.73427 408.50095 407.28308 406.08425 404.90791 403.75747 402.63645 401.54879 400.49929 399.49424 398.5422 397.65497 396.84863 396.14463 395.57071 395.1616 394.9592 395.01216 395.37458 396.10388 397.25764 398.88955 401.04464 403.7539 407.02863 410.85499 415.18919 419.95404 425.0378 430.29637 435.55967 440.64308 445.36338 449.55764 453.10201 455.92648 458.02192 459.43767 460.27019 460.64588 460.70226 460.57135 460.36772 460.18192 460.07882 460.09931 460.26403 460.57789
421.57998 420.335 419.06468 417.77105 416.4565 415.12374 413.77586 412.41624 411.04856 409.67674 408.30486 406.9371 405.57761 404.23043 402.89935 401.58788 400.29912 399.03584 397.80061 396.59602 395.42519 394.29246 393.20429 392.17046 391.20544 390.3298 389.57166 388.96778 388.5642 388.41608 388.58665 389.1449 390.16215 391.70746 393.84195 396.61235 400.04401 404.13391 408.84408 414.09651 419.7704 425.70348 431.69855 437.5365 442.9955 447.87449 452.01689 455.32961 457.79238 459.45519 460.42476 460.84397 460.8695 460.65241 460.32439 459.99035 459.72657 459.58266 459.58568 459.74515
418.80188 417.45891 416.08816 414.69183 413.27251 411.83319 410.37724 408.9084 407.43074 405.9486 404.4665 402.98903 401.52076 400.06601 398.62877 397.21248 395.81995 394.45328 393.1139 391.80282 390.52105 389.27034 388.05421 386.87941 385.75757 384.70714 383.75534 382.93985 382.31003 381.92719 381.8637 382.20081 383.02475 384.42158 386.47058 389.23655 392.7614 397.05546 402.08902 407.78528 414.01592 420.60123 427.31678 433.90811 440.11346 445.69221 450.45401 454.28203 457.14455 459.09191 460.24045 460.74838 460.79002 460.53378 460.12682 459.68705 459.30119 459.02701 458.89779 458.92766
416.08368 414.64567 413.17751 411.68159 410.16072 408.61817 407.05763 405.48323 403.89947 402.31118 400.72339 399.14124 397.56978 396.01378 394.47753 392.96458 391.47751 390.01779 388.58571 387.18047 385.80061 384.44467 383.11241 381.80637 380.53401 379.31014 378.15953 377.1194 376.24132 375.59208 375.25319 375.31858 375.89051 377.0735 378.96679 381.65523 385.19938 389.62494 394.91246 400.98819 407.71788 414.90576 422.3012 429.61527 436.54711 442.81743 448.20296 452.56379 455.85669 458.13137 459.51171 460.16841 460.29017 460.05955 459.63652 459.14995 458.69569 458.33893 458.11895 458.05462
413.43107 411.90109 410.33868 408.74638 407.12725 405.48482 403.82316 402.1468 400.46072 398.7703 397.08118 395.39913 393.72986 392.07874 390.45057 388.84917 387.27714 385.73545 384.22332 382.7381 381.27557 379.83059 378.39826 376.97578 375.5649 374.17505 372.82676 371.55506 370.41235 369.47009 368.81871 368.56532 368.82917 369.73463 371.40236 373.93875 377.42429 381.90128 387.36161 393.73578 400.88501 408.59926 416.60406 424.57895 432.18739 439.11504 445.10885 450.00775 453.75715 456.4042 458.07674 458.95329 459.23205 459.10532 458.74232 458.28035 457.82276 457.4414 457.18132 457.06639
410.84956 409.23085 407.57745 405.89208 404.17803 402.43912 400.67976 398.90494 397.12015 395.33139 393.54498 391.76746 390.00535 388.26484 386.55144 384.86959 383.22214 381.60992 380.03127 378.48184 376.95457 375.44025 373.9286 372.41028 370.87976 369.33912 367.80253 366.30081 364.88558 363.63198 362.63913 362.0279 361.93557 362.50765 363.88739 366.20346 369.55659 374.00559 379.55349 386.13515 393.60814 401.75018 410.26658 418.81041 427.01571 434.53949 441.10427 446.53099 450.7539 453.81485 455.84074 457.01185 457.52981 457.59138 457.37089 457.01117 456.62134 456.27902 456.03482 455.91777
408.34452 406.64046 404.89947 403.12446 401.31889 399.48689 397.63322 395.76332 393.88323 391.99961 390.11955 388.25049 386.39989 384.57501 382.7824 381.02741 379.31361 377.64209 376.01079 374.41398 372.84197 371.28134 369.71587 368.12863 366.50515 364.83806 363.13273 361.41343 359.72912 358.15748 356.80626 355.81083 355.3278 355.52512 356.5694 358.61153 361.77147 366.12281 371.6779 378.37463 386.06699 394.52267 403.43138 412.42688 421.12243 429.15524 436.23068 442.15582 446.8541 450.35896 452.79071 454.32471 455.15946 455.49049 455.49285 455.31186 455.06051 454.82113 454.64956 454.58006
405.92119 404.13532 402.3103 400.44916 398.55556 396.63389 394.68926 392.72753 390.75532 388.77998 386.80943 384.85209 382.91659 381.01142 379.14451 377.32257 375.55038 373.82989 372.15932 370.5322 368.93672 367.35546 365.76608 364.14319 362.46182 360.7029 358.8603 356.94901 355.01309 353.13162 351.42099 350.03219 349.14283 348.94466 349.62799 351.36481 354.29172 358.49357 363.98833 370.71423 378.52094 387.16834 396.33615 405.6474 414.7051 423.13713 430.64011 437.01213 442.16652 446.12538 448.99703 450.94546 452.15967 452.82848 453.12332 453.18887 453.13988 453.06223 453.01632 453.0415
403.58467 401.72072 399.81538 397.87178 395.89374 393.88587 391.8536 389.8032 387.74185 385.67757 383.61917 381.57611 379.55831 377.57575 375.63803 373.75367 371.92926 370.16839 368.4704 366.82907 365.23137 363.65664 362.07666 360.45716 358.76136 356.9562 355.02107 352.95851 350.80504 348.63976 346.58791 344.81765 343.5296 342.94065 343.26453 344.69191 347.37173 351.39473 356.77925 363.46 371.2813 379.99766 389.28513 398.76552 408.04284 416.74662 424.57356 431.31794 436.88426 441.28117 444.6007 446.99006 448.62328 449.67756 450.31672 450.6817 450.8868 451.0199 451.14508 451.30628
401.33991 399.40183 397.42007 395.39785 393.33911 391.24862 389.13208 386.99614 384.84846 382.69772 380.55359 378.42663 376.32811 374.26969 372.26291 370.31854 368.44562 366.65022 364.93391 363.29196 361.71156 360.1701 358.63447 357.06173 355.40249 353.60758 351.63875 349.48235 347.16417 344.7615 342.40868 340.29281 338.63976 337.69259 337.68721 338.82903 341.27335 345.10994 350.35138 356.92493 364.66878 373.33521 382.60339 392.10354 401.45155 410.28898 418.32079 425.34258 431.25195 436.04326 439.78946 442.61721 444.68148 446.14389 447.15716 447.85558 448.3507 448.73067 449.06196 449.39223
399.19173 397.18368 395.12966 393.0329 390.89739 388.72805 386.53074 384.31242 382.08115 379.84622 377.61809 375.40839 373.22974 371.09556 369.01957 367.01514 365.09436 363.26664 361.53699 359.90377 358.35621 356.87182 355.41439 353.93357 352.36735 350.64895 348.71921 346.54407 344.13444 341.56333 338.97388 336.57385 334.6162 333.37051 333.0922 333.99593 336.23609 339.89417 344.97125 351.38418 358.96559 367.46959 376.58548 385.96079 395.23272 404.06349 412.17317 419.36329 425.52691 430.64455 434.76911 438.00473 440.48471 442.35236 443.74649 444.7922 445.59603 446.24452 446.80502 447.32777
397.14477 395.07119 392.94933 390.78238 388.57435 386.33017 384.05583 381.75846 379.44647 377.12959 374.81897 372.52718 370.26818 368.05708 365.90985 363.84274 361.87131 360.00912 358.26583 356.64461 355.139 353.7293 352.37911 351.0332 349.61832 348.04958 346.24411 344.14273 341.73629 339.08957 336.35314 333.75606 331.57928 330.11769 329.642 330.36944 332.44602 335.93865 340.83309 347.03514 354.37431 362.61153 371.45288 380.57059 389.63024 398.32088 406.38267 413.62674 419.94415 425.30309 429.73696 433.32708 436.18414 438.43151 440.19223 441.58013 442.69472 443.61906 444.41978 445.14831
395.20346 393.0691 390.88416 388.65173 386.37575 384.06112 381.71384 379.34113 376.95155 374.55516 372.16362 369.79028 367.4502 365.16008 362.93807 360.80328 358.77504 356.87161 355.10832 353.49481 352.03139 350.70439 349.48115 348.30557 347.0965 345.75225 344.16463 342.24464 339.9566 337.35113 334.58254 331.89964 329.61006 328.03078 327.44225 328.05743 330.00804 333.34283 338.03173 343.97173 350.99351 358.87022 367.33036 376.07592 384.80519 393.2375 401.13593 408.3238 414.69249 420.20004 424.86208 428.73824 431.91692 434.5012 436.59731 438.30642 439.71935 440.91403 441.95478 442.89283
393.37201 391.18196 388.93905 386.64625 384.30735 381.92715 379.51154 377.06769 374.60419 372.13124 369.66077 367.20667 364.78485 362.4133 360.11206 357.90294 355.80893 353.85325 352.05755 350.43926 349.00771 347.75873 346.66803 345.68423 344.72384 343.67239 342.39705 340.77533 338.73766 336.31191 333.64888 331.0118 328.73027 327.13796 326.51894 327.07685 328.92652 332.09907 336.55182 342.17779 348.81419 356.25131 364.24388 372.52625 380.83092 388.90842 396.54567 403.57955 409.90379 415.46867 420.27454 424.3614 427.79678 430.66409 433.05264 435.05017 436.73773 438.18677 439.45788 440.60079
391.65434 389.41404 387.11869 384.77108 382.37482 379.9345 377.45582 374.94577 372.4128 369.86704 367.32049 364.78725 362.28373 359.82883 357.44403 355.15337 352.98317 350.96131 349.11589 347.47284 346.05216 344.86221 343.89186 343.10102 342.41161 341.70362 340.82393 339.61547 337.96777 335.87483 333.472 331.02639 328.88062 327.37761 326.80001 327.34042 329.09872 332.09326 336.27493 341.53908 347.73464 354.67261 362.13574 369.89091 377.70399 385.35566 392.65611 399.45622 405.65358 411.19312 416.06269 420.28531 423.9098 427.00127 429.63276 431.87851 433.80919 435.48886 436.97333 438.30964
390.05403 387.76927 385.42744 383.0311 380.58361 378.0893 375.55358 372.98315 370.38618 367.77254 365.15402 362.54465 359.96095 357.42225 354.95092 352.5726 350.31619 348.21358 346.29877 344.60607 343.1668 342.00381 341.12309 340.50232 340.07776 339.73416 339.3068 338.60756 337.4806 335.87401 333.8914 331.78734 329.90398 328.58483 328.108 328.65744 330.32421 333.12167 337.00196 341.86887 347.58718 353.99043 360.88925 368.08144 375.36385 382.545 389.45688 395.96406 401.96916 407.4139 412.27644 416.56575 420.31446 423.57133 426.39428 428.84459 430.98249 432.86416 434.53985 436.05307
388.5742 386.25118 383.86927 381.43079 378.93882 376.39738 373.81154 371.1876 368.53332 365.85815 363.17346 360.49292 357.83279 355.21234 352.65423 350.18496 347.83511 345.63955 343.63709 341.86942 340.37864 339.20249 338.36622 337.87015 337.67322 337.67641 337.716 337.58208 337.07453 336.08601 334.67042 333.04909 331.54648 330.49691 330.17265 330.75393 332.33125 334.92161 338.48556 342.94036 348.16918 354.02848 360.35531 366.97576 373.71455 380.40523 386.89961 393.07542 398.84099 404.1368 408.93392 413.23013 417.04459 420.4119 423.37645 425.98751 428.29522 430.3478 432.18957 433.85989
387.21751 384.86277 382.44761 379.9741 377.44504 374.8641 372.23596 369.5665 366.86296 364.13426 361.39119 358.64681 355.91685 353.22008 350.57894 348.02002 345.5747 343.27965 341.17708 339.31446 337.74302 336.51415 335.67216 335.24195 335.21056 335.50506 335.97633 336.40681 336.56076 336.27313 335.53394 334.51054 333.49075 332.78872 332.66901 333.31273 334.81715 337.21006 340.46601 344.51908 349.2721 354.60385 360.37579 366.4394 372.64412 378.84566 384.91377 390.73855 396.23458 401.34268 406.02922 410.28346 414.1137 417.54268 420.60306 423.3333 425.7742 427.96625 429.94773 431.75356
385.98605 383.60643 381.16524 378.66429 376.10612 373.49405 370.83237 368.12649 365.38314 362.61063 359.81908 357.02085 354.23088 351.46722 348.75165 346.11034 343.57466 341.18203 338.97668 337.01004 335.34028 334.02989 333.13987 332.71826 332.78107 333.28657 334.11093 335.04427 335.83066 336.25549 336.2408 335.88538 335.42324 335.13611 335.27605 336.02609 337.49404 339.72271 342.70384 346.39015 350.70445 355.54682 360.80112 366.34151 372.03934 377.76999 383.41939 388.88925 394.10079 398.99648 403.54 407.71449 411.51981 414.96908 418.08505 420.89678 423.43661 425.73785 427.83292 429.75219
384.88125 382.48387 380.02419 377.50382 374.92505 372.29088 369.60524 366.8731 364.10071 361.29576 358.46773 355.62823 352.79138 349.97438 347.19818 344.4882 341.87534 339.39706 337.09849 335.03345 333.26477 331.86304 330.90209 330.44877 330.54438 331.17726 332.25324 333.58208 334.90572 335.97765 336.66084 336.9825 337.11189 337.28642 337.73735 338.64568 340.1288 342.24496 345.00381 348.37698 352.30682 356.71353 361.5015 366.5653 371.79578 377.08593 382.33633 387.45968 392.38403 397.05457 401.43393 405.50121 409.25 412.68581 415.82331 418.68355 421.29147 423.67387 425.85768 427.86881
383.90383 381.49599 379.02562 376.49418 373.90372 371.25702 368.55769 365.81035 363.02079 360.19623 357.34554 354.47968 351.61204 348.75904 345.94079 343.18198 340.51287 337.97062 335.60062 333.45795 331.60821 330.12711 329.09688 328.59722 328.68761 329.38009 330.60772 332.20568 333.92945 335.52248 336.80804 337.75123 338.45503 339.1044 339.90024 341.01367 342.56644 344.62908 347.22732 350.35042 353.95903 357.99203 362.37253 367.01356 371.82345 376.71105 381.59033 386.38433 391.02807 395.47022 399.67376 403.61538 407.28428 410.6802 413.81135 416.69215 419.34124 421.77964 424.0293 426.11194
383.05375 380.64285 378.16974 375.63575 373.04281 370.39352 367.69126 364.9404 362.1464 359.31611 356.45798 353.58246 350.70241 347.83366 344.99573 342.21271 339.51437 336.93755 334.52767 332.34029 330.44234 328.91192 327.83534 327.29863 327.37101 328.07906 329.3764 331.1237 333.10035 335.05944 336.80745 338.26522 339.47734 340.5746 341.72028 343.06696 344.73311 346.7959 349.29319 352.22909 355.58044 359.30284 363.33628 367.61035 372.04911 376.57566 381.11626 385.60367 389.97984 394.19751 398.22099 402.02597 405.59876 408.93491 412.03762 414.91598 417.58334 420.05576 422.35076 424.48623
382.33019 379.92364 377.45574 374.92781 372.34169 369.69989 367.00571 364.26333 361.47807 358.65655 355.80699 352.93956 350.06684 347.20434 344.37129 341.59148 338.89446 336.31689 333.90408 331.71161 329.80641 328.26659 327.17844 326.62833 326.68723 327.38732 328.69521 330.4941 332.59211 334.76556 336.82378 338.66318 340.28368 341.7669 343.23601 344.8185 346.62217 348.72425 351.16958 353.97328 357.12537 360.5958 364.3393 368.30007 372.41617 376.62351 380.85947 385.06594 389.19162 393.19365 397.03839 400.7016 404.16795 407.43008 410.48743 413.3449 416.01154 418.49922 420.8216 422.99317
