18 - Atmosphere/MetodoDinamico_TS/Saida/interpolacao_P1.vrt
NCOLS 107
NROWS 165
XLLCORNER 30.212154
YLLCORNER -26.866438
DX 0.099331514
DY 0.09935903
NODATA_VALUE -9999
[rows 78 to 103 of 165, columns 0 to 59 of 107]
482.77748 483.4387 484.15803 484.94235 485.79937 486.73768 487.76681 488.89731 490.14078 491.50992 493.01848 494.68124 496.51385 498.53265 500.75427 503.19514 505.87074 508.79462 511.97706 515.42335 519.13175 523.09092 527.27718 531.65159 536.15736 540.71808 545.23767 549.60301 553.69019 557.37507 560.54793 563.13055 565.09277 566.46416 567.33628 567.85302 568.18915 568.52108 568.99642 569.70895 570.68429 571.87792 573.18424 574.45334 575.5112 576.17945 576.2923 575.70901 574.32178 572.05974 568.88995 564.81669 559.87984 554.15332 547.74363 540.78836 533.45422 525.93349 518.4379 511.18924
485.38081 486.22207 487.13321 488.12183 489.19634 490.36606 491.64125 493.03316 494.55407 496.21731 498.03716 500.02884 502.20828 504.59187 507.19607 510.03678 513.12859 516.48361 520.11013 524.01075 528.1802 532.60273 537.2492 542.07411 547.01292 551.98032 556.87032 561.5592 565.91252 569.79682 573.09598 575.73059 577.67692 578.98026 579.75753 580.18529 580.47345 580.82937 581.42057 582.345 583.61513 585.15814 586.82995 588.43808 589.76791 590.6071 590.76542 590.08831 588.4645 585.82874 582.16108 577.48423 571.86023 565.38728 558.19683 550.4509 542.33884 534.07263 525.87967 517.99246
487.86647 488.87679 489.96746 491.1466 492.42317 493.80697 495.30875 496.94019 498.71393 500.64357 502.74355 505.02909 507.51593 510.22003 513.15712 516.34204 519.78788 523.5048 527.49856 531.76866 536.30603 541.09043 546.08748 551.24571 556.49388 561.73943 566.86866 571.75018 576.2425 580.20691 583.5255 586.12286 587.98741 589.18678 589.87043 590.25497 590.59171 591.12236 592.03327 593.41992 595.26988 597.46677 599.81154 602.05401 603.92681 605.1756 605.58171 604.97648 603.24765 600.33994 596.25172 591.02983 584.76389 577.58112 569.64171 561.13464 552.27311 543.28859 534.42265 525.916
490.22409 491.39196 492.64936 494.00477 495.46749 497.04761 498.75614 500.60492 502.60668 504.77495 507.12401 509.66867 512.42406 515.40528 518.62686 522.10207 525.84201 529.85441 534.14207 538.70099 543.51805 548.56842 553.81263 559.19365 564.63444 570.03642 575.28009 580.22875 584.73693 588.6643 591.89552 594.36424 596.07724 597.13191 597.71903 598.10467 598.59001 599.45618 600.90761 603.02932 605.76928 608.94842 612.29258 615.47594 618.16504 620.05551 620.89766 620.51027 618.78473 615.68207 611.22603 605.4945 598.61086 590.73646 582.06397 572.81162 563.21718 553.5309 544.00667 534.89074
492.44452 493.7581 495.1691 496.68623 498.31894 500.07746 501.97282 504.0168 506.22195 508.60148 511.16916 513.93909 516.92543 520.14202 523.60179 527.31606 531.29352 535.53906 540.05215 544.82499 549.84021 555.06828 560.46473 565.96733 571.49382 576.94064 582.1839 587.08357 591.49265 595.27236 598.31379 600.56457 602.05613 602.92376 603.40982 603.84142 604.5806 605.955 608.18679 611.3408 615.30686 619.81926 624.5041 628.93901 632.71001 635.45572 636.8949 636.83828 635.18837 631.93145 627.12565 620.88808 613.38286 604.81072 595.40041 585.40118 575.07552 564.6913 554.51242 544.78792
494.51984 495.96706 497.51836 499.18255 500.96908 502.88815 504.9506 507.16799 509.55245 512.11663 514.87353 517.83626 521.01773 524.43022 528.08474 531.99033 536.15298 540.57444 545.25061 550.16967 555.30984 560.6369 566.10146 571.63641 577.15478 582.54886 587.69145 592.44077 596.65032 600.18541 602.94688 604.90071 606.10895 606.75312 607.13821 607.66577 608.77209 610.84055 614.11137 618.61754 624.16785 630.38045 636.75216 642.74028 647.83571 651.61503 653.7684 654.1069 652.55533 649.13706 643.95566 637.17696 629.01313 619.70951 609.53393 598.76771 587.69751 576.60689 565.76715 555.42724
496.44326 498.01198 499.69029 501.48693 503.41128 505.4733 507.68356 510.05316 512.59366 515.31696 518.23508 521.35994 524.70298 528.27466 532.08391 536.13723 540.43774 544.98389 549.76786 554.77376 559.97543 565.33403 570.79551 576.28822 581.72106 586.98294 591.94448 596.46345 600.39559 603.61247 606.0274 607.6283 608.51287 608.91624 609.21661 609.90374 611.50294 614.46431 619.04718 625.23944 632.74188 641.02171 649.41243 657.22536 663.8428 668.7778 671.6997 672.43309 670.94035 667.29674 661.6642 654.26742 645.37394 635.2782 624.28912 612.72006 600.88018 589.06608 577.55334 566.58773
498.20913 499.88725 501.67936 503.59408 505.64053 507.82838 510.16775 512.66919 515.34353 518.20176 521.25481 524.51322 527.98681 531.68416 535.61191 539.77398 544.17055 548.79672 553.64103 558.6836 563.89409 569.22936 574.63115 580.02387 585.31312 590.38541 595.11047 599.34717 602.95533 605.81486 607.85391 609.0851 609.64534 609.82853 610.09403 611.03117 613.26776 617.33163 623.50274 631.71012 641.51727 652.20238 662.89943 672.74841 681.01274 687.14565 690.80917 691.85977 690.31653 686.32377 680.11554 671.98542 662.2626 651.2937 639.42915 627.01276 614.37325 601.81664 589.61908 578.01991
499.81282 501.58838 503.48132 505.50004 507.65334 509.95047 512.40104 515.01491 517.80211 520.77262 523.93616 527.30185 530.87781 534.67065 538.68475 542.92148 547.37809 552.04652 556.91186 561.95057 567.12856 572.39897 577.70007 582.95334 588.06222 592.9124 597.37444 601.31051 604.58684 607.0943 608.7784 609.67868 609.97309 610.0161 610.35097 611.67166 614.71601 620.09686 628.1154 638.62917 651.03693 664.39177 677.59453 689.59279 699.52648 706.79909 711.0845 712.29365 710.52378 706.00604 699.0597 690.05556 679.38865 667.45853 654.65541 641.3501 627.88652 614.57554 601.68968 589.45844
501.25067 503.11193 505.09304 507.2021 509.44753 511.8381 514.38281 517.09081 519.97123 523.03301 526.28461 529.73371 533.38674 537.24838 541.32084 545.60302 550.08952 554.76938 559.62461 564.62856 569.74407 574.92145 580.09662 585.18948 590.10309 594.72439 598.92736 602.58039 605.55956 607.77016 609.17829 609.85266 610.01263 610.07104 610.6505 612.54413 616.59556 623.50027 633.5775 646.60387 661.79441 677.9518 693.72104 707.84586 719.34618 727.5916 732.29059 733.43227 731.21273 725.96561 718.10544 708.08527 696.36687 683.40062 669.61227 655.39433 641.10032 627.04071 613.47996 600.63436
502.51992 504.45541 506.51241 508.69864 511.0221 513.49102 516.11378 518.89874 521.85415 524.98787 528.30713 531.8182 535.52589 539.43307 543.53993 547.84318 552.33505 557.00212 561.8239 566.77135 571.80514 576.87392 581.91271 586.84164 591.56563 595.97554 599.95209 603.37375 606.13078 608.14745 609.41459 610.0326 610.26142 610.56617 611.63611 614.34488 619.621 628.22478 640.48271 656.08588 674.06313 692.96392 711.17609 727.2439 740.07958 749.03758 753.88213 754.70009 751.80165 745.63278 736.7079 725.56255 712.72222 698.68283 683.89932 668.77923 653.67942 638.90459 624.70699 611.28684
503.61859 505.61722 507.73824 509.989 512.37704 514.91004 517.59571 520.44166 523.45522 526.64323 530.01175 533.56571 537.30843 541.24115 545.36229 549.66667 554.14461 558.78074 563.5528 568.43021 573.37258 578.32827 583.23308 588.0095 592.56682 596.80302 600.60923 603.87838 606.51978 608.48177 609.78431 610.56179 611.11258 611.9443 613.79264 617.58041 624.28273 634.68938 649.11352 667.16212 687.69851 709.04893 729.37378 747.04278 760.88037 770.24179 774.95941 775.22638 771.47147 764.25355 754.18424 741.87631 727.91206 712.82537 697.09272 681.12965 665.29038 649.86923 635.103 621.17397
504.54544 506.59646 508.77011 511.07333 513.51319 516.0968 518.83124 521.72335 524.77962 528.0059 531.40716 534.98713 538.74784 542.68908 546.80783 551.09743 555.54673 560.13906 564.85116 569.65187 574.50096 579.34795 584.13123 588.77782 593.20403 597.31807 601.02517 604.2369 606.88613 608.94966 610.47996 611.64614 612.78044 614.41953 617.3195 622.41212 630.66878 642.86051 659.25958 679.39713 702.01604 725.28536 747.20231 766.00851 780.4653 789.93602 794.31785 793.90178 789.22464 780.9472 769.76732 756.36457 741.36835 725.34171 708.77515 692.08605 675.62141 659.66209 644.4278 630.08241
505.29991 507.39296 509.60831 511.95249 514.43208 517.05366 519.82367 522.74824 525.83305 529.08308 532.50233 536.09346 539.85741 543.79282 547.89554 552.15783 556.56763 561.10763 565.75433 570.47702 575.23678 579.98574 584.66661 589.21294 593.55046 597.60028 601.28478 604.53731 607.31738 609.63265 611.56888 613.32742 615.26615 617.93374 622.07732 628.59481 638.40123 652.19905 670.19286 691.85373 715.86723 740.33828 763.19279 782.60856 797.31111 806.66851 810.62162 809.53174 804.01693 794.81672 782.6965 768.38788 752.55593 735.78429 718.57116 701.33155 684.40276 668.05124 652.4799 637.83536
505.88197 508.00712 510.25372 512.62791 515.13583 517.7835 520.57678 523.52114 526.62155 529.88219 533.30623 536.89546 540.64991 544.56738 548.64291 552.86814 557.23061 561.71301 566.29237 570.93932 575.61737 580.28253 584.88325 589.36127 593.65352 597.69594 601.42981 604.81182 607.82893 610.51912 612.99859 615.49431 618.37775 622.18974 627.63933 635.55188 646.74196 661.80434 680.85867 703.33824 727.93972 752.80461 775.89009 795.38374 810.00527 819.11818 822.67351 821.06064 814.93857 805.09215 792.32887 777.4142 761.03651 743.79202 726.18206 708.61717 691.42477 674.85804 659.10521 644.29833
506.29213 508.43983 510.70773 513.10155 515.627 518.28962 521.09471 524.04716 527.1513 530.41063 533.82763 537.40339 541.13728 545.02653 549.0657 553.24621 557.5557 561.97743 566.48966 571.06515 575.67071 580.26719 584.8099 589.24982 593.53612 597.6203 601.46296 605.04369 608.37518 611.52209 614.62465 617.92539 621.79454 626.74511 633.42293 642.55223 654.81895 670.68944 690.19534 712.75762 737.1436 761.61801 784.2615 803.34307 817.61004 826.4153 829.68592 827.79272 821.38893 811.26511 798.24071 783.094 766.52318 749.12936 731.41345 713.78096 696.55081 679.96565 664.2024 649.38229
506.53137 508.69248 510.97214 513.37574 515.90854 518.57564 521.38185 524.33154 527.42849 530.67564 534.07492 537.6269 541.33051 545.18264 549.17773 553.30731 557.55956 561.9188 566.36506 570.87382 575.41585 579.95752 584.46151 588.88854 593.20013 597.36307 601.35613 605.17957 608.86793 612.50649 616.2507 620.34673 625.14865 631.12448 638.83919 648.90044 661.85555 678.04088 697.40975 719.39484 742.8754 766.29709 787.92995 806.18265 819.86498 828.32336 831.43815 829.52269 823.18095 813.16944 800.28776 785.30408 768.91156 751.70777 734.18961 716.75724 699.72299 683.32216 667.7243 653.04379
506.60106 508.76681 511.04917 513.45316 515.98368 518.64542 521.44274 524.37957 527.45922 530.68421 534.05603 537.57492 541.23954 545.04668 548.99092 553.06423 557.25566 561.55094 565.93231 570.37835 574.86416 579.36185 583.84165 588.27379 592.63153 596.89562 601.06077 605.14426 609.1972 613.31813 617.6682 622.48567 628.09588 634.90995 643.40343 654.065 667.30882 683.35407 702.09314 722.98935 745.0545 766.94113 787.14226 804.24362 817.14852 825.21156 828.26071 826.52931 820.54026 810.98276 798.60721 784.14888 768.28002 751.58504 734.55202 717.57462 700.95976 684.9381 669.67521 655.28239
506.50295 508.66494 510.94133 513.3368 515.85592 518.50299 521.28201 524.19653 527.24949 530.44305 533.77843 537.25564 540.87328 544.62823 548.51541 552.52748 556.65458 560.88415 565.20084 569.58652 574.0207 578.4812 582.94543 587.39245 591.80598 596.17875 600.51831 604.85469 609.24976 613.80792 618.68723 624.10868 630.3602 637.79037 646.78523 657.72216 670.89782 686.43485 704.18413 723.6519 743.98613 764.04632 782.55367 798.28609 810.26227 817.8647 820.87817 819.45151 814.01083 805.15612 793.56583 779.92234 764.86159 748.9443 732.64358 716.34386 700.34646 684.8788 670.10482 656.1355
506.2391 508.38928 510.65142 513.02989 515.52893 518.15254 520.90438 523.7877 526.80512 529.95858 533.2491 536.67661 540.23976 543.93569 547.75981 551.70563 555.76456 559.92586 564.17666 568.50213 572.88604 577.31155 581.7626 586.22599 590.69423 595.16959 599.66916 604.2313 608.92307 613.84829 619.15496 625.04036 631.75077 639.57216 648.80739 659.73642 672.55879 687.32309 703.85641 721.71401 740.17237 758.28172 774.97713 789.22547 800.17105 807.24238 810.19832 809.11268 804.31411 796.30443 785.67653 773.04528 758.99729 744.0594 728.68282 713.23864 698.0208 683.25334 669.09955 655.67161
505.8119 507.94257 510.18252 512.53588 515.00659 517.59837 520.31462 523.15829 526.13183 529.23697 532.47464 535.84479 539.34623 542.97644 546.73147 550.60573 554.59199 558.68135 562.86334 567.1263 571.4579 575.84606 580.28038 584.75406 589.26659 593.82724 598.45938 603.20567 608.13369 613.34158 618.96257 625.16689 632.15868 640.16541 649.4169 660.11213 672.37437 686.19893 701.40319 717.59278 734.15921 750.31958 765.19812 777.93551 787.80117 794.28214 797.12974 796.35954 792.21282 785.09542 775.51041 763.99724 751.08411 737.25562 722.93433 708.47325 694.15598 680.20171 666.77266 653.98256
505.22402 507.32777 509.53796 511.85845 514.29295 516.84493 519.51755 522.31356 525.23523 528.28418 531.46133 534.76671 538.19934 541.75715 545.43682 549.23375 553.14203 557.15451 561.26302 565.45871 569.73271 574.07701 578.48585 582.95745 587.49641 592.11665 596.84494 601.72484 606.82085 612.22199 618.04412 624.42964 631.54289 639.55946 648.64775 658.9421 670.50841 683.30598 697.15265 711.70261 726.44701 740.74417 753.87951 765.14629 773.93098 779.78483 782.46691 781.95275 778.41178 772.16354 763.62479 753.25805 741.52866 728.87341 715.68077 702.28107 688.94415 675.88201 663.25441 651.17585
504.4784 506.54813 508.72128 511.00149 513.39224 515.89679 518.51809 521.25875 524.12089 527.10609 530.21527 533.44859 536.80537 540.28396 543.88172 547.595 551.41913 555.34859 559.37723 563.49867 567.70695 571.99738 576.36781 580.82012 585.36234 590.01097 594.79376 599.75267 604.94656 610.45336 616.37075 622.81445 629.91301 637.79778 646.58734 656.36611 667.15842 678.90097 691.41882 704.41116 717.4537 730.02191 741.5353 751.41699 759.1581 764.37411 766.84225 766.51412 763.50395 758.05838 750.51631 741.26699 730.71277 719.24018 707.20006 694.89643 682.58208 670.45917 658.68302 647.36752
503.57826 505.60714 507.73627 509.96909 512.30887 514.75867 517.32129 519.9992 522.79443 525.70852 528.74246 531.89655 535.1704 538.56281 542.0718 545.69456 549.42757 553.26674 557.20765 561.246 565.37817 569.60204 573.91805 578.3306 582.84961 587.49251 592.28623 597.26926 602.49341 608.02471 613.94313 620.34006 627.31306 634.95699 643.3511 652.54235 662.52607 673.2263 684.47935 696.02509 707.51018 718.50618 728.54252 737.15061 743.91219 748.50317 750.72476 750.51705 747.95414 743.22394 736.59845 728.40053 718.97282 708.6519 697.74961 686.5413 675.2601 664.09589 653.19738 642.67613
502.52706 504.50855 506.58697 508.76557 511.04744 513.43547 515.93233 518.54036 521.26152 524.09737 527.04893 530.11669 533.30052 536.59966 540.0127 543.53761 547.17186 550.91257 554.75675 558.70176 562.74576 566.8885 571.13218 575.48261 579.95048 584.55281 589.31443 594.26928 599.46142 604.94512 610.78392 617.04786 623.8085 631.13131 639.06527 647.62999 656.80145 666.49803 676.56948 686.79178 696.87081 706.45651 715.16771 722.62496 728.48684 732.48367 734.44287 734.30175 732.10662 727.99973 722.19755 714.96517 706.5908 697.36371 687.55715 677.41687 667.15467 656.94617 646.93152 637.21813
501.32854 503.25634 505.27763 507.39547 509.61278 511.93231 514.35659 516.88786 519.52804 522.27867 525.14087 528.11526 531.20199 534.40065 537.71036 541.12974 544.6571 548.29052 552.02818 555.86864 559.81139 563.8574 568.00991 572.2753 576.66409 581.19199 585.88089 590.75967 595.86456 601.23878 606.93123 612.99374 619.47656 626.42207 633.85645 641.77993 650.15628 658.90307 667.88432 676.90779 685.72862 694.06064 701.59512 708.02544 713.07437 716.5199 718.21539 718.10093 716.20453 712.63379 707.56039 701.20045 693.79424 685.58767 676.8173 667.69957 658.42424 649.15135 640.0109 631.10457
