18 - Atmosphere/MetodoDinamico_TS/Saida/interpolacao_P1.vrt
NCOLS 107
NROWS 165
XLLCORNER 30.212154
YLLCORNER -26.866438
DX 0.099331514
DY 0.09935903
NODATA_VALUE -9999
[rows 52 to 77 of 165, columns 0 to 59 of 107]
425.13585 421.76392 418.14671 414.26501 410.09807 405.62355 400.81749 395.65423 390.10642 384.14512 377.73988 370.85902 363.46998 355.53988 347.03636 337.92862 328.18905 317.79517 306.73233 294.99708 282.60149 269.57838 255.9876 241.92322 227.52149 212.96892 198.50969 184.45096 171.16442 159.08173 148.68181 140.46806 134.93535 132.5282 133.59461 138.34238 146.8058 158.83028 174.0791 192.06209 212.18104 233.78373 256.21719 278.87279 301.21845 322.81691 343.33136 362.52143 380.23285 396.38407 410.95183 423.95759 435.45559 445.52273 454.25059 461.7391 468.09177 473.41216 477.80123 481.35543
425.41569 422.02491 418.38302 414.46981 410.26337 405.74002 400.87422 395.6385 390.00344 383.93767 377.40798 370.37949 362.81603 354.68062 345.93625 336.54701 326.47964 315.70557 304.20374 291.96417 278.99262 265.31625 250.99057 236.10753 220.80448 205.27358 189.77051 174.62114 160.22394 147.04567 135.60773 126.46097 120.14861 117.15902 117.87368 122.51813 131.12547 143.52075 159.33077 178.01834 198.93454 221.3791 244.6584 268.13308 291.25076 313.56315 334.72972 354.51152 372.7589 389.39642 404.40739 417.81957 429.69282 440.10893 449.16356 456.96008 463.60492 469.20413 473.86091 477.67374
425.91416 422.52341 418.87757 414.95558 410.73462 406.18989 401.29455 396.01961 390.33386 384.20386 377.59399 370.46659 362.78226 354.50036 345.5797 335.97968 325.6618 314.5918 302.74255 290.0978 276.65707 262.44183 247.50299 231.92985 215.86006 199.49026 183.08618 166.99056 151.6265 137.49341 125.15239 115.19866 108.22037 104.74608 105.18683 109.7821 118.56053 131.32456 147.66386 166.99545 188.62272 211.80179 235.80366 259.96367 283.71407 306.59965 328.27931 348.51766 367.17089 384.1703 399.5059 413.21155 425.35243 436.0148 445.29803 453.30863 460.15568 465.94763 470.78983 474.78282
426.63284 423.26155 419.63311 415.72589 411.51635 406.97884 402.08553 396.80622 391.10831 384.95667 378.31373 371.13951 363.39193 355.02721 346.00059 336.26737 325.78446 314.51253 302.41892 289.48161 275.69433 261.07304 245.66408 229.55372 212.87923 195.84055 178.71167 161.84979 145.69954 130.78915 117.71486 107.11105 99.605092 95.759772 96.009941 100.6041 109.56294 122.66503 139.46411 159.33517 181.53975 205.29756 229.8518 254.51965 278.72409 302.0077 324.03207 344.56738 363.47658 380.69787 396.22756 410.10496 422.39971 433.20171 442.61327 450.74329 457.70301 463.60278 468.54985 472.64664
427.57146 424.23941 420.65017 416.78177 412.61022 408.10934 403.2506 398.00301 392.33294 386.20407 379.57736 372.41111 364.66114 356.28123 347.22376 337.44072 326.88524 315.51373 303.28886 290.1836 276.18655 261.30874 245.59214 229.11999 212.02854 194.51982 176.8741 159.46006 142.73983 127.26517 113.66109 102.59365 94.721332 90.632869 90.779348 95.412326 104.5412 117.92053 135.0715 155.33358 177.93526 202.06965 226.9619 251.91967 276.36364 299.83928 322.01412 342.66559 361.66396 378.95397 394.53737 408.45773 420.78792 431.62016 441.05856 449.21341 456.19721 462.12157 467.09512 471.22182
428.72791 425.45497 421.92689 418.12161 414.01495 409.58051 404.78946 399.61037 394.00908 387.94856 381.38887 374.28721 366.59803 358.27344 349.26381 339.51873 328.98853 317.62639 305.39137 292.25247 278.19412 263.22321 247.37793 230.73859 213.44004 195.68518 177.75834 160.0362 142.9934 127.19867 113.29756 101.97822 93.919761 89.72648 89.856505 94.557779 103.82539 117.39123 134.7496 155.21369 177.9904 202.25846 227.23643 252.23223 276.67176 300.10853 322.21912 342.78955 361.69748 378.89336 394.38308 408.2129 420.45721 431.20901 440.57268 448.65867 455.5796 461.44752 466.37173 470.45724
430.09814 426.90406 423.45901 419.74104 415.72615 411.38801 406.69785 401.62425 396.13298 390.18684 383.74563 376.7661 369.20213 361.00501 352.12402 342.50741 332.10383 320.86442 308.74586 295.71444 281.7516 266.86114 251.07828 234.48075 217.20168 199.44368 181.49268 163.72942 146.63526 130.78811 116.84422 105.50237 97.449941 93.294658 93.491385 98.277511 107.63153 121.26561 138.65507 159.09844 181.79472 205.92219 230.70544 255.46303 279.63373 302.78413 324.60256 344.88461 363.51491 380.44849 395.69366 409.29747 421.33392 431.89494 441.08354 449.0088 455.7823 461.51544 466.31746 470.29384
431.67619 428.58036 425.2398 421.63299 417.73633 413.52393 408.96748 404.03598 398.69563 392.90963 386.63815 379.83822 372.46393 364.46667 355.79565 346.3989 336.22456 325.22308 313.35011 300.57062 286.86443 272.23346 256.71088 240.37235 223.34906 205.84204 188.13624 170.61209 153.75117 138.13179 124.4099 113.28207 105.43027 101.45257 101.78982 106.66227 116.03059 129.59182 146.81203 166.98852 189.32749 213.02156 237.31441 261.54552 285.17394 307.78394 329.07789 348.86145 367.02555 383.5283 398.37856 411.62208 423.33045 433.59255 442.50825 450.18376 456.72828 462.25152 466.86181 470.66449
433.45418 430.47539 427.26015 423.78761 420.03488 415.97686 411.58603 406.8323 401.68276 396.10161 390.04998 383.48595 376.36463 368.63842 360.25752 351.17083 341.32731 330.67801 319.17898 306.79533 293.5067 279.31439 264.25053 248.38918 231.85935 214.85915 197.66969 180.66635 164.32399 149.21192 135.97404 125.29127 117.82601 114.15356 114.6905 119.63426 128.92783 142.25918 159.09621 178.74929 200.44729 223.41185 246.91828 270.33667 293.15301 314.97322 335.5155 354.59575 372.11028 388.01868 402.32838 415.0818 426.34605 436.2051 444.75395 452.09441 458.33205 463.57386 467.92644 471.49439
435.42243 432.57861 429.50857 426.19239 422.60816 418.73189 414.53725 409.99542 405.07493 399.74146 393.95779 387.68372 380.8762 373.48954 365.47594 356.78631 347.37163 337.18489 326.18395 314.33548 301.62027 288.04027 273.62745 258.45471 242.64845 226.40233 209.99056 193.77848 178.227 163.88681 151.37801 141.35255 134.43975 131.17993 131.95648 136.93993 146.05721 158.9944 175.23283 194.11012 214.8925 236.84423 259.28344 281.61928 303.37027 324.16718 343.74533 361.93071 378.62401 393.78471 407.41703 419.55813 430.26881 439.62638 447.71943 454.64406 460.50101 465.39366 469.42618 472.70195
437.56948 434.87749 431.97136 428.83229 425.43965 421.77085 417.80109 413.50325 408.8477 403.80217 398.33164 392.39832 385.96173 378.97898 371.40518 363.19433 354.30056 344.68004 334.2937 323.11107 311.11534 298.31013 284.72799 270.4408 255.57174 240.30822 224.91429 209.74012 195.22548 181.89309 170.3281 161.14131 154.9169 152.15001 153.18402 158.16042 166.99316 179.37423 194.80967 212.67734 232.29378 252.97734 274.09822 295.11131 315.57199 335.13818 353.56306 370.68247 386.40044 400.67499 413.50557 424.9225 434.97873 443.74352 451.29779 457.73079 463.13761 467.61724 471.27092 474.20048
439.88227 437.35769 434.63271 431.6899 428.51014 425.07248 421.35401 417.32964 412.97202 408.25136 403.1354 397.58935 391.576 385.05598 377.9882 370.33066 362.04165 353.08158 343.41557 333.01706 321.87262 309.98831 297.39769 284.17146 270.42863 256.34835 242.18104 228.25668 214.987 202.8582 192.4106 184.20352 178.76639 176.54159 177.82829 182.73895 191.17879 202.85359 217.30421 233.95967 252.19714 271.39783 290.99079 310.48132 329.46451 347.62683 364.73964 380.6482 395.25905 408.52767 420.44755 431.04102 440.35208 448.44094 455.37998 461.25088 466.14245 470.1489 473.36828 475.90074
442.34623 440.00317 437.47495 434.74568 431.79796 428.61277 425.1693 421.44484 417.41465 413.05186 408.3274 403.21001 397.66633 391.66115 385.15789 378.11931 370.50869 362.29154 353.43802 343.92625 333.74686 322.90878 311.4466 299.42936 286.97064 274.23903 261.46791 248.96219 237.0994 226.32187 217.11711 209.98506 205.39371 203.72825 205.24225 210.02111 217.96639 228.80493 242.12077 257.40228 274.0945 291.64718 309.55228 327.36811 344.73085 361.35601 377.03302 391.61608 405.0136 417.17778 428.09544 437.78023 446.26659 453.60516 459.85936 465.10297 469.41834 472.89483 475.62733 477.71451
444.94552 442.79644 440.47874 437.97821 435.27936 432.36526 429.21748 425.81592 422.13876 418.16236 413.86121 409.20799 404.17366 398.72769 392.83853 386.4743 379.60388 372.19846 364.2338 355.6932 346.57163 336.88096 326.65646 315.96467 304.91217 293.65463 282.40501 271.43884 261.09423 251.76388 243.87672 237.86828 234.14163 233.02342 234.72284 239.30187 246.66378 256.56269 268.63194 282.42447 297.45711 313.2508 329.36183 345.40205 361.0487 376.04596 390.20087 403.37607 415.48136 426.46531 436.30776 445.0135 452.60734 459.13029 464.63687 469.19314 472.87519 475.76786 477.96333 479.55931
447.66315 445.71877 443.62334 441.36449 438.92876 436.3015 433.4668 430.40737 427.10453 423.53812 419.68648 415.52652 411.03382 406.18291 400.94763 395.30185 389.22039 382.6805 375.66375 368.15879 360.16491 351.69655 342.78904 333.50525 323.943 314.24271 304.59385 295.23895 286.47272 278.63431 272.09071 267.2109 264.33254 263.72532 265.55745 269.87218 276.57973 285.46634 296.2183 308.45547 321.76732 335.74572 350.0103 364.22521 378.10743 391.42872 404.01284 415.73033 426.4921 436.24303 444.95609 452.6275 459.27277 464.92378 469.62668 473.4404 476.43549 478.69303 480.30332 481.36403
450.48129 448.7504 446.88689 444.88027 442.71922 440.39146 437.88372 435.18167 432.2699 429.13188 425.74997 422.1055 418.17888 413.94985 409.39787 404.50268 399.24522 393.60882 387.58089 381.15524 374.33509 367.13689 359.59504 351.76739 343.74131 335.63968 327.62597 319.90696 312.73141 306.38287 301.16541 297.38198 295.30707 295.15721 297.06461 301.0591 307.06249 314.89635 324.30143 334.9641 346.54468 358.70328 371.11993 383.5082 395.62248 407.26028 418.26093 428.50221 437.89595 446.3835 453.93145 460.52805 466.18034 470.91196 474.76169 477.78238 480.04018 481.61362 482.59242 483.07545
453.38138 451.87087 450.24673 448.50041 446.62279 444.60399 442.43348 440.09992 437.59126 434.89467 431.99658 428.88281 425.53863 421.94905 418.09913 413.9745 409.56209 404.85114 399.83463 394.51109 388.88708 382.98018 376.82278 370.46632 363.98602 357.4854 351.10001 344.99921 339.38462 334.48402 330.53974 327.79142 326.4547 326.69847 328.62481 332.25545 337.5276 344.29996 352.36714 361.47945 371.3642 381.74513 392.35811 402.9621 413.34563 423.32957 432.76729 441.54302 449.56939 456.78452 463.14931 468.64501 473.27131 477.04491 479.99859 482.18062 483.65429 484.49723 484.80023 484.66509
456.34445 455.05923 453.67967 452.19922 450.61091 448.90733 447.08065 445.12255 443.0243 440.77675 438.37039 435.79545 433.04201 430.10022 426.96059 423.61441 420.05432 416.27512 412.27484 408.0561 403.628 399.00832 394.22623 389.32549 384.36773 379.43577 374.63608 370.09997 365.98215 362.4561 359.7053 357.9106 357.23452 357.80477 359.69952 362.93741 367.47399 373.20542 379.97806 387.60202 395.86608 404.55171 413.44491 422.34505 431.07078 439.46348 447.38867 454.73611 461.41898 467.37259 472.55299 476.9356 480.51419 483.30009 485.32184 486.62496 487.27182 487.34116 486.92687 486.1357
459.35133 458.29431 457.16233 455.95079 454.65486 453.26956 451.78968 450.20988 448.52466 446.72846 444.81568 442.78082 440.61856 438.32394 435.89263 433.32121 430.60758 427.75156 424.75555 421.62556 418.3723 415.01272 411.57175 408.0843 404.59743 401.17241 397.88634 394.83286 392.12128 389.87352 388.21852 387.2839 387.18572 388.01729 389.83903 392.6709 396.48885 401.22582 406.77666 413.00602 419.75768 426.86403 434.15469 441.46376 448.63549 455.52838 462.01792 467.99821 473.3827 478.10427 482.11503 485.38593 487.90644 489.6844 490.7461 491.13649 490.91925 490.17653 489.00764 487.52651
462.38282 461.555 460.67142 459.72938 458.72616 457.65905 456.52545 455.3228 454.04873 452.70107 451.27794 449.77782 448.19971 446.5432 444.80867 442.9975 441.11228 439.15718 437.13826 435.06402 432.94592 430.79914 428.64342 426.50403 424.41284 422.40941 420.54193 418.86774 417.45321 416.37254 415.70523 415.53199 415.92926 416.96278 418.68088 421.1087 424.2439 428.05475 432.48067 437.43499 442.80951 448.48014 454.31313 460.17115 465.91901 471.42855 476.58269 481.27845 485.42909 488.96542 491.8366 494.01055 495.47428 496.23421 496.31664 495.76833 494.6568 493.07008 491.1154 488.91616
465.41999 464.82048 464.18403 463.50974 462.79688 462.04494 461.25372 460.42333 459.55428 458.64756 457.70471 456.72791 455.72003 454.68478 453.62675 452.55151 451.4657 450.37708 449.29458 448.22834 447.18971 446.1913 445.24694 444.37178 443.5824 442.89711 442.33633 441.92329 441.68467 441.65146 441.85936 442.34864 443.16295 444.34682 445.94175 447.98128 450.48557 453.45641 456.87356 460.69295 464.84718 469.24811 473.79122 478.36121 482.83796 487.10249 491.04223 494.55546 497.55463 499.96879 501.74518 502.85026 503.27055 503.01335 502.10746 500.60405 498.57707 496.1231 493.35974 490.42203
468.44434 468.07045 467.67787 467.26736 466.84005 466.39748 465.94166 465.47513 465.00105 464.52329 464.04644 463.57597 463.11821 462.68044 462.27088 461.89864 461.57367 461.30657 461.10832 460.9899 460.96179 461.03334 461.21204 461.5028 461.90726 462.42347 463.04592 463.76644 464.57592 465.467 466.4374 467.49333 468.65214 469.9431 471.40552 473.08418 475.02223 477.25309 479.79267 482.63352 485.74179 489.05754 492.49793 495.9627 499.34094 502.5182 505.3832 507.83349 509.78002 511.15031 511.89076 511.96814 511.37066 510.10895 508.21702 505.75316 502.80053 499.46677 495.88216 492.19528
471.43796 471.28537 471.13154 470.9788 470.82996 470.68841 470.55817 470.44397 470.35131 470.28659 470.2571 470.27112 470.33796 470.46789 470.67212 470.96262 471.35192 471.85265 472.47707 473.23624 474.1391 475.19128 476.39375 477.74135 479.22158 480.81366 482.48844 484.20961 485.93642 487.62823 489.25054 490.78166 492.21866 493.58097 494.91 496.26432 497.71061 499.31215 501.11714 503.14892 505.40014 507.83121 510.37303 512.93305 515.40317 517.66845 519.61522 521.13818 522.14586 522.5646 522.34118 521.44456 519.86708 517.62543 514.76166 511.34409 507.46773 503.25376 498.84707 494.41114
474.38375 474.44661 474.52475 474.62189 474.74239 474.89125 475.07427 475.29808 475.57022 475.89925 476.29472 476.76729 477.32865 477.9915 478.76939 479.67644 480.72698 481.93495 483.31311 484.87193 486.61828 488.55374 490.67276 492.96065 495.39179 497.92842 500.52038 503.10672 505.61942 507.98965 510.15625 512.07541 513.72957 515.13333 516.33426 517.40727 518.44334 519.53433 520.75717 522.16061 523.7567 525.51816 527.38136 529.25351 531.02241 532.56701 533.76733 534.51279 534.70868 534.28053 533.17694 531.37129 528.86271 525.67697 521.86721 517.51467 512.72887 507.64662 502.4289 497.25474
477.26551 477.53659 477.83842 478.17594 478.55483 478.98153 479.46333 480.00848 480.62623 481.32687 482.12184 483.02362 484.0458 485.20286 486.51003 487.98287 489.63681 491.48632 493.54398 495.81907 498.31593 501.03192 503.95515 507.06207 510.31527 513.66199 517.03394 520.34916 523.51675 526.44466 529.05048 531.27371 533.08745 534.50634 535.58807 536.42681 537.13909 537.8446 538.6461 539.61248 540.76807 542.08948 543.50957 544.92665 546.21678 547.24669 547.88574 548.01564 547.53762 546.37708 544.48624 541.84544 538.46373 534.37918 529.65926 524.4011 518.73117 512.80366 506.79649 500.90408
480.0681 480.53898 481.0549 481.62188 482.24669 482.93698 483.7013 484.54918 485.49123 486.53914 487.70571 489.00482 490.45136 492.06103 493.85006 495.83478 498.03099 500.45302 503.1126 506.01727 509.16848 512.55928 516.17173 519.97417 523.91881 527.94006 531.95431 535.86227 539.55446 542.92048 545.86177 548.30641 550.22328 551.63191 552.60446 553.25778 553.73597 554.1866 554.73582 555.46758 556.411 557.53736 558.76603 559.97675 561.02529 561.75951 562.03353 561.71889 560.71229 558.94008 556.3604 552.96367 548.77233 543.8404 538.25306 532.12626 525.60564 518.86403 512.09648 505.51192
