18 - Atmosphere/MetodoDinamico_TS/Saida/interpolacao_P1.vrt
NCOLS 107
NROWS 165
XLLCORNER 30.212154
YLLCORNER -26.866438
DX 0.099331514
DY 0.09935903
NODATA_VALUE -9999
[rows 0 to 25 of 165, columns 0 to 59 of 107]
496.97274 497.94313 498.96346 500.03557 501.16124 502.34221 503.58016 504.87666 506.2332 507.6511 509.13156 510.67557 512.2839 513.95707 515.69533 517.49858 519.36638 521.29786 523.29173 525.3462 527.45891 529.62697 531.84682 534.11426 536.42436 538.77145 541.14909 543.55001 545.96614 548.38855 550.8075 553.21241 555.59192 557.93392 560.2256 562.45353 564.60378 566.66201 568.61361 570.44386 572.13806 573.68176 575.06094 576.26217 577.27287 578.08143 578.67749 579.05205 579.19767 579.10856 578.78074 578.21208 577.40235 576.35322 575.06825 573.5528 571.81393 569.86029 567.70196 565.35025
496.45581 497.43439 498.46526 499.55046 500.69201 501.89189 503.15201 504.4742 505.86022 507.31166 508.83 510.41651 512.07224 513.798 515.59432 517.46137 519.39897 521.40651 523.48292 525.62658 527.83535 530.10643 532.43637 534.82098 537.25531 539.73358 542.24918 544.79456 547.3613 549.94002 552.52039 555.09116 557.64016 560.15437 562.61993 565.02228 567.34621 569.57602 571.69566 573.68888 575.53942 577.23125 578.74875 580.07692 581.20168 582.11004 582.79032 583.23241 583.42791 583.37029 583.05506 582.47978 581.64419 580.55019 579.20176 577.60494 575.76769 573.69971 571.41231 568.91816
495.89314 496.8781 497.91772 499.01426 500.16998 501.38711 502.66782 504.01424 505.4284 506.91219 508.4674 510.0956 511.79817 513.57624 515.43065 517.36189 519.37007 521.45489 523.61553 525.85063 528.15826 530.5358 532.97992 535.4865 538.0506 540.66639 543.32708 546.02491 548.75108 551.49577 554.24806 556.996 559.72659 562.42581 565.0787 567.66946 570.1815 572.59762 574.90018 577.07125 579.09282 580.94707 582.61658 584.08462 585.33537 586.35426 587.12815 587.64563 587.89721 587.87552 587.57545 586.99428 586.13168 584.98979 583.57312 581.88848 579.94485 577.75317 575.32615 572.67801
495.28275 496.27209 497.31846 498.42435 499.59229 500.82476 502.12424 503.49314 504.93381 506.44847 508.03923 509.70802 511.45657 513.28635 515.19857 517.19408 519.27334 521.43637 523.68269 526.01124 528.42033 530.90759 533.46986 536.10315 538.80257 541.56226 544.37532 547.23378 550.12851 553.04924 555.98447 558.92152 561.8465 564.74438 567.599 570.39321 573.10894 575.72736 578.22904 580.59418 582.80285 584.83522 586.67184 588.29399 589.68393 590.82525 591.70316 592.30476 592.61932 592.63849 592.35649 591.77021 590.87931 589.68618 588.19596 586.41635 584.3575 582.03178 579.4535 576.63867
494.62267 495.61418 496.66506 497.77808 498.95603 500.20168 501.51781 502.90716 504.3724 505.91613 507.5408 509.24873 511.04203 512.92259 514.892 516.95152 519.102 521.34386 523.67699 526.10068 528.61359 531.2136 533.89781 536.66241 539.50262 542.4126 545.3854 548.41285 551.48554 554.59275 557.72242 560.86111 563.99404 567.10507 570.17681 573.19063 576.12684 578.96482 581.68322 584.26016 586.67351 588.90121 590.92155 592.71354 594.25725 595.53419 596.52765 597.22306 597.60826 597.67378 597.41305 596.82255 595.90188 594.65379 593.0841 591.20157 589.01771 586.54651 583.80415 580.80867
493.91096 494.9022 495.95513 497.0728 498.25827 499.51464 500.84501 502.25245 503.74 505.31063 506.96721 508.71246 510.54892 512.47892 514.50449 516.62735 518.8488 521.16972 523.59041 526.11061 528.72934 531.44486 534.25455 537.15487 540.1412 543.2078 546.3477 549.55261 552.81287 556.11735 559.4534 562.80687 566.16201 569.50156 572.80678 576.05749 579.23225 582.30848 585.26268 588.07068 590.70793 593.14984 595.37215 597.3513 599.06487 600.49202 601.61384 602.41381 602.87815 602.9961 602.76018 602.1664 601.21433 599.9071 598.25135 596.25706 593.93732 591.308 588.38742 585.19596
493.14573 494.13401 495.18628 496.30584 497.49608 498.7604 500.10225 501.52508 503.03231 504.62731 506.31339 508.09372 509.97132 511.94898 514.02924 516.21433 518.50606 520.9058 523.41438 526.03201 528.75817 531.59156 534.52995 537.57011 540.70768 543.93708 547.2514 550.64229 554.09987 557.61265 561.16745 564.74934 568.34165 571.92593 575.48201 578.98806 582.42074 585.75533 588.96599 592.026 594.9081 597.58488 600.02919 602.21457 604.11578 605.70924 606.97357 607.89002 608.44291 608.62001 608.41281 607.81678 606.83143 605.46038 603.71121 601.59533 599.12764 596.32622 593.21184 589.80756
492.32512 493.30752 494.35614 495.47457 496.6665 497.93568 499.28593 500.72107 502.24495 503.86138 505.57412 507.38685 509.30307 511.32614 513.45912 515.7048 518.06558 520.54341 523.13967 525.85515 528.68988 531.64306 534.71294 537.89669 541.1903 544.58844 548.08434 551.66966 555.33438 559.06669 562.8529 566.67737 570.52245 574.36848 578.19379 581.97479 585.6861 589.30067 592.79008 596.12479 599.27455 602.20876 604.89702 607.30958 609.41798 611.19555 612.61803 613.66412 614.31597 614.55964 614.38544 613.78822 612.76745 611.32731 609.4765 607.22808 604.59908 601.6101 598.28477 594.64919
491.44735 492.42072 493.46243 494.57639 495.76662 497.03723 498.3924 499.83639 501.37347 503.00794 504.74404 506.58597 508.53781 510.60347 512.78664 515.09072 517.51875 520.07332 522.75647 525.56964 528.51348 531.58781 534.79143 538.12204 541.57607 545.14853 548.8329 552.62093 556.50255 560.4657 564.49624 568.57782 572.69184 576.81739 580.93125 585.00797 589.01995 592.93764 596.72979 600.36376 603.80592 607.02214 609.97833 612.64105 614.97813 616.95939 618.55727 619.74752 620.5098 620.8282 620.69168 620.09436 619.03571 617.52054 615.5589 613.16575 610.36061 607.16701 603.61185 599.72479
490.51076 491.47164 492.50291 493.60876 494.79357 496.0618 497.41805 498.867 500.41339 502.06202 503.81766 505.68508 507.66895 509.77381 512.00402 514.36365 516.85646 519.48575 522.25432 525.16432 528.21714 531.4133 534.7523 538.23244 541.85071 545.60259 549.4819 553.48062 557.58871 561.79396 566.08183 570.43534 574.83495 579.25846 583.68108 588.07537 592.41139 596.65687 600.77747 604.73711 608.49844 612.02337 615.27366 618.21164 620.80097 623.00741 624.79964 626.15002 627.03534 627.43741 627.34363 626.74732 625.64792 624.05104 621.96827 619.41685 616.41916 613.00212 609.19645 605.03585
489.51376 490.45847 491.47545 492.56924 493.74454 495.00623 496.35929 497.80887 499.36021 501.01861 502.78943 504.67803 506.68973 508.82975 511.10316 513.51479 516.06917 518.77042 521.62214 524.62732 527.7882 531.1061 534.58132 538.21291 541.99855 545.93431 550.01449 554.23141 558.57519 563.03358 567.59175 572.23213 576.93427 581.67475 586.4271 591.16183 595.84651 600.44593 604.92239 609.23604 613.3454 617.20791 620.78068 624.02128 626.88859 629.34375 631.35111 632.87914 633.90128 634.39677 634.35118 633.75692 632.61346 630.92732 628.71194 625.98718 622.77881 619.11768 615.03887 610.58075
488.45494 489.3795 490.37806 491.4555 492.61686 493.86742 495.2126 496.65802 498.20943 499.87268 501.65373 503.55858 505.59325 507.76368 510.07572 512.53501 515.14694 517.9165 520.84824 523.94607 527.21315 530.65178 534.26316 538.04723 542.0025 546.12578 550.41201 554.85399 559.44214 564.16431 569.00548 573.9476 578.96939 584.04619 589.14986 594.24878 599.30787 604.2888 609.15019 613.84807 618.33635 622.56754 626.49351 630.0664 633.23968 635.96921 638.21437 639.93912 641.11312 641.71257 641.72099 641.12974 639.93834 638.15444 635.79362 632.87887 629.43985 625.51198 621.13542 616.35386
487.33302 488.23319 489.20889 490.26534 491.40796 492.64241 493.97458 495.41055 496.95662 498.61922 500.40494 502.32046 504.37251 506.56784 508.91311 511.41487 514.07941 516.91273 519.92036 523.10726 526.47767 530.03495 533.78135 537.71786 541.84397 546.15741 550.65391 555.32693 560.16737 565.16331 570.2997 575.55813 580.91658 586.3492 591.82619 597.31372 602.77395 608.1652 613.44213 618.55624 623.45639 628.08955 632.4017 636.3389 639.84844 642.88014 645.38768 647.32988 648.67199 649.38674 649.45529 648.86785 647.62399 645.73275 643.21224 640.08909 636.39753 632.17829 627.47732 622.34445
486.14694 487.01818 487.96628 488.99677 490.11545 491.3284 492.64195 494.0627 495.59747 497.25332 499.03748 500.95736 503.02046 505.23435 507.60659 510.14467 512.85592 515.74736 518.82566 522.09693 525.5666 529.23922 533.11827 537.20594 541.50286 546.00786 550.71766 555.62658 560.72617 566.00496 571.44802 577.03675 582.74848 588.55628 594.4287 600.32968 606.2185 612.0499 617.77431 623.33829 628.68511 633.75562 638.48919 642.825 646.70334 650.06715 652.86358 655.04553 656.5732 657.41534 657.5504 656.96727 655.66571 653.65637 650.96037 647.60863 643.64068 639.10339 634.04942 628.53557
484.89583 485.73334 486.64878 487.648 488.73717 489.92278 491.21164 492.61084 494.12779 495.77016 497.54586 499.46305 501.53004 503.75528 506.14728 508.71455 511.46549 514.4083 517.55084 520.9005 524.46402 528.2473 532.2552 536.49127 540.9575 545.654 550.57869 555.72695 561.09124 566.6607 572.42078 578.35283 584.43374 590.63556 596.92528 603.2646 609.60982 615.91193 622.1168 628.16564 633.9956 639.54071 644.733 649.50387 653.7857 657.51358 660.62722 663.07274 664.80451 665.78676 665.99483 665.41617 664.0508 661.91132 659.02245 655.42008 651.14996 646.26604 640.82866 634.90258
483.57908 484.3778 485.2552 486.21749 487.27119 488.42321 489.68081 491.05163 492.54363 494.16512 495.92474 497.83141 499.89428 502.12273 504.52628 507.1145 509.89698 512.88313 516.08215 519.50281 523.15329 527.041 531.17233 535.55239 540.1847 545.07089 550.21032 555.59965 561.23248 567.09885 573.18479 579.47185 585.93663 592.55038 599.2786 606.08075 612.91011 619.71374 626.43267 633.00231 639.35314 645.41167 651.10171 656.34597 661.06787 665.19363 668.65441 671.38862 673.34399 674.47952 674.76709 674.19255 672.75631 670.47334 667.37259 663.4958 658.89592 653.63508 647.7824 641.41167
482.19636 482.95094 483.78465 484.70399 485.71587 486.8276 488.04691 489.38194 490.84127 492.43384 494.16901 496.05649 498.10634 500.32888 502.73469 505.33449 508.13907 511.15921 514.4055 517.88822 521.61713 525.6013 529.84882 534.36655 539.15977 544.23184 549.58378 555.21384 561.11701 567.28449 573.70318 580.35509 587.21679 594.25888 601.44553 608.73405 616.07464 623.4103 630.67694 637.80375 644.71392 651.32572 657.55384 663.31127 668.51133 673.07019 676.90935 679.95839 682.15748 683.45972 683.83306 683.26162 681.74639 679.30523 675.97205 671.79547 666.83674 661.1674 654.86655 648.01817
480.74766 481.45251 482.23656 483.10661 484.06993 485.13424 486.30772 487.59904 489.01734 490.57224 492.27383 494.13264 496.15962 498.36611 500.76377 503.36452 506.18046 509.22378 512.50656 516.04072 519.83775 523.90849 528.26295 532.9099 537.8566 543.1084 548.66824 554.53623 560.70905 567.17938 573.93527 580.95949 588.22887 595.71362 603.37673 611.17349 619.05105 626.94822 634.79552 642.51553 650.02356 657.22883 664.03597 670.34713 676.06435 681.09243 685.34198 688.73255 691.19575 692.67803 693.14293 692.57275 690.96932 688.35396 684.76648 680.26345 674.91576 668.80565 662.02357 654.66486
479.23328 479.88257 480.61072 481.42482 482.33249 483.34181 484.46144 485.70055 487.06886 488.57666 490.23476 492.05453 494.04785 496.22707 498.605 501.19479 504.00993 507.06406 510.37091 513.94409 517.79694 521.94229 526.39217 531.15752 536.24778 541.67052 547.4309 553.53117 559.97001 566.74193 573.83647 581.2375 588.92239 596.86127 605.01621 613.34062 621.77864 630.26486 638.72418 647.07215 655.21562 663.05396 670.48075 677.38614 683.65956 689.19311 693.88509 697.64381 700.39123 702.06632 702.62779 702.05604 700.35409 697.54741 693.68276 688.82596 683.0589 676.47602 669.18048 661.28027
477.65395 478.24161 478.90735 479.65853 480.50307 481.44945 482.50673 483.6846 484.99334 486.4439 488.04782 489.81731 491.76517 493.90482 496.25021 498.81581 501.61648 504.66746 507.98413 511.58197 515.47628 519.68199 524.21335 529.08364 534.30474 539.88668 545.83711 552.16074 558.8586 565.92732 573.35835 581.13701 589.24159 597.64243 606.30101 615.16903 624.18777 633.28754 642.38749 651.39574 660.21011 668.71931 676.80489 684.34372 691.21133 697.28562 702.4512 706.60375 709.65448 711.53407 712.19597 711.61869 709.80686 706.79098 702.62591 697.38814 691.1721 684.08597 676.24705 667.77722
476.01077 476.53054 477.12712 477.80811 478.58173 479.45679 480.44277 481.54984 482.78883 484.17131 485.70958 487.41665 489.30628 491.39293 493.69174 496.21849 498.98952 502.02165 505.33207 508.93815 512.8573 517.10667 521.70293 526.66187 531.99802 537.72413 543.85064 550.38501 557.33095 564.68764 572.44876 580.60149 589.12545 597.99158 607.16102 616.58411 626.19939 635.93296 645.69803 655.39502 664.91215 674.12671 682.90715 691.11591 698.61315 705.26116 710.92931 715.49935 718.87057 720.96461 721.72926 721.14126 719.20741 715.96423 711.476 705.83139 699.13904 691.52239 683.11431 674.05179
474.30529 474.75075 475.2712 475.87448 476.56906 477.36406 478.26936 479.29555 480.45402 481.75693 483.21728 484.84892 486.66653 488.68562 490.92253 493.39437 496.11897 499.11483 502.40094 505.99671 509.9217 514.19547 518.83721 523.86543 529.29751 535.14918 541.43392 548.16228 555.34101 562.97217 571.05209 579.57023 588.50794 597.83715 607.51909 617.50299 627.72488 638.10674 648.55579 658.96446 669.21087 679.16016 688.66669 697.57725 705.73529 712.98595 719.18197 724.18978 727.89572 730.21164 731.07944 730.4743 728.40592 724.91797 720.08559 714.01125 706.81941 698.65035 689.65382 679.98293
472.53957 472.90412 473.34131 473.85912 474.46625 475.17213 475.98695 476.92172 477.98832 479.19949 480.56893 482.11126 483.84207 485.77792 487.93632 490.33575 492.99554 495.93587 499.17762 502.74226 506.65164 510.9278 515.59261 520.66746 526.17279 532.12752 538.54847 545.44955 552.84088 560.72781 569.1097 577.97871 587.31835 597.10198 607.29129 617.83474 628.66616 639.7035 650.84801 661.98389 672.97877 683.68494 693.94177 703.57927 712.42282 720.29908 727.04274 732.50371 736.55442 739.09634 740.06544 739.43571 737.22062 733.47227 728.27817 721.75624 714.04832 705.31295 695.71787 685.43311
470.71614 470.99311 471.33973 471.76413 472.27518 472.88255 473.59673 474.42909 475.39196 476.49863 477.76342 479.20171 480.82997 482.66578 484.72782 487.03589 489.61084 492.47455 495.64982 499.16024 503.03 507.28372 511.94606 517.04145 522.59355 528.62471 535.15532 542.20294 549.7814 557.89966 566.56054 575.75929 585.482 595.70391 606.38756 617.48106 628.91626 640.60731 652.44951 664.31875 676.07177 687.54745 698.56938 708.94974 718.49474 727.01129 734.31483 740.23775 744.6378 747.40582 748.4719 747.80949 745.43691 741.41598 735.84816 728.86836 720.63723 711.33267 701.14124 690.25027
468.83811 469.02073 469.26939 469.59228 469.99842 470.49765 471.10071 471.81928 472.66608 473.65489 474.80063 476.11936 477.62839 479.34628 481.29285 483.48919 485.95766 488.72183 491.80643 495.23719 499.04071 503.24424 507.87535 512.9616 518.53005 524.60667 531.21561 538.37838 546.1128 554.43177 563.34193 572.84202 582.92114 593.55679 604.71281 616.33727 628.36041 640.69279 653.22385 665.82109 678.33013 690.57601 702.36588 713.49331 723.74436 732.90524 740.77128 747.15661 751.90396 754.89346 756.04982 755.3468 752.80872 748.50857 742.56319 735.12581 726.377 716.51474 705.74473 694.27153
466.90914 466.99065 467.13388 467.34708 467.63933 468.02059 468.50177 469.09484 469.81281 470.66991 471.68155 472.86446 474.23671 475.81777 477.62855 479.69141 482.03016 484.67006 487.63773 490.96107 494.6691 498.79174 503.35954 508.40332 513.95363 520.04022 526.69121 533.93228 541.78549 550.26799 559.39056 569.1558 579.55618 590.57186 602.16833 614.29401 626.87782 639.82698 653.02521 666.33163 679.58062 692.5831 705.12933 716.99374 727.94166 737.73802 746.15755 752.99591 758.08085 761.28227 762.52025 761.76998 759.06307 754.48505 748.16937 740.28855 731.04365 720.65292 709.34089 697.32866
